2017년도 국가공무원 7급 공개경쟁채
연번 과목명 책형 1번 2번 3번 4번 5번 6번 7번 8번
가 4 1 4 3 1 1 3 4
1 건축계획학
다 4 1 1 3 1 4 3 4
가 4 4 2 2 1 4 3 4
2 건축구조학
다 4 4 3 2 1 1 3 4
가 4 4 2 1 3 4 1 2
3 건축시공학
다 4 4 3 1 3 1 1 2
가 1 2 4 3 1 4 2 2
4 경영학
다 1 2 1 3 1 1 2 2
가 1 4 2 1 1 2 4 2
5 경제학
다 1 4 3 1 1 3 4 2
가 1 2 3 3 1 3 4 1
6 공직선거법
다 1 2 2 3 1 2 4 1
가 3 2 2 4 2 4 2 1
7 관세법
다 3 2 3 4 2 1 2 1
가 3 2 4 4 1 3 3 4
8 교육학
다 3 2 1 4 1 2 3 4
가 1 4 2 2 3 2 2 3
9 교정학
다 1 4 3 2 3 3 2 3
가 2 4 4 1 1 2 3 2
10 국어
다 2 4 1 1 1 3 3 2
가 2 2 4 4 4 4 3 3
11 국제법
다 2 2 1 4 4 1 3 3
가 1 1 3 4 1 2 4 2
12 국제정치학
다 1 1 2 4 1 3 4 2
필기시험 정답표(60과목, 8월 26일 시행)
9번 10번 11번 12번 13번 14번 15번 16번 17번 18번 19번 20번
3 1 3 2 4 1 4 4 2 4 1 2
2 1 3 2 1 1 4 1 2 4 4 2
1 3 3 4 3 3 2 1 2 4 4 2
4 3 3 4 2 3 2 4 2 4 1 2
3 1 4 3 2 1 4 2 2 3 2 4
2 1 4 3 3 1 4 3 2 3 3 4
1 3 2 2 3 3 2 1 4 3 4 4
4 3 2 2 2 3 2 4 4 3 1 4
3 3 4 4 2 4 1 3 1 2 3 3
2 3 4 4 3 4 1 2 1 2 2 3
4 4 2 3 2 1 2 4 3 4 2 4
1 4 2 3 3 1 2 1 3 4 3 4
3 4 2 4 4 1 3 4 1 2 3 3
2 4 2 4 1 1 3 1 1 2 2 3
2 2 3 4 1 4 1 2 4 3 1 2
3 2 3 4 4 4 1 3 4 3 4 2
4 1 4 2 3 2 4 3 4 4 3 1
1 1 4 2 2 2 4 2 4 4 2 1
2 2 3 3 4 4 4 2 1 3 3 1
3 2 3 3 1 4 4 3 1 3 2 1
3 4 3 1 1 4 2 3 1 2 1 1
2 4 3 1 4 4 2 2 1 2 4 1
1 3 3 4 2 4 2 2 4 3 4 3
4 3 3 4 3 4 2 3 4 3 1 3
2017년도 국가공무원 7급 공개경쟁채
연번 과목명 책형 1번 2번 3번 4번 5번 6번 7번 8번
가 4 4 1 2 1 2 1 2
13 기계공작법
다 4 4 4 2 1 3 1 2
가 3 2 4 3 2 1 3 3
14 기계설계
다 3 2 1 3 2 4 3 3
가 1 3 2 4 3 1 4 1
15 데이터베이스론
다 1 3 3 4 3 4 4 1
가 4 3 2 3 3 3 1 4
16 도시계획
다 4 3 3 3 3 2 1 4
가 2 1 3 4 4 2 3 4
17 독어
다 2 1 2 4 4 3 3 4
가 3 3 1 4 1 4 3 4
18 러시아어
다 3 3 4 4 1 1 3 4
가 3 4 3 2 4 4 1 1
19 무역학
다 3 4 2 2 4 1 1 1
가 1 4 2 4 4 3 3 4
20 물리학개론
다 1 4 3 4 4 2 3 4
가 2 4 4 4 2 4 1 3
21 반응공학
다 2 4 1 4 2 1 1 3
가 3 3 3 2 4 1 1 2
22 방재관계법규
다 3 3 2 2 4 4 1 2
가 2 4 3 4 3 4 3 1
23 불어
다 2 4 2 4 3 1 3 1
가 4 1 4 4 4 1 2 3
24 생물학개론
다 4 1 1 4 4 4 2 3
필기시험 정답표(60과목, 8월 26일 시행)
9번 10번 11번 12번 13번 14번 15번 16번 17번 18번 19번 20번
4 3 3 4 4 4 3 1 3 2 2 3
1 3 3 4 1 4 3 4 3 2 3 3
3 2 1 4 4 4 1 2 4 2 3 1
2 2 1 4 1 4 1 3 4 2 2 1
2 2 2 3 4 3 1 4 4 3 3 4
3 2 2 3 1 3 1 1 4 3 2 4
2 2 2 2 4 2 1 1 2 3 4 3
3 2 2 2 1 2 1 4 2 3 1 3
1 2 4 2 4 3 1 2 1 1 3 3
4 2 4 2 1 3 1 3 1 1 2 3
2 1 4 1 3 4 2 4 2 3 1 2
3 1 4 1 2 4 2 1 2 3 4 2
1 2 4 2 2 2 4 3 4 2 2 3
4 2 4 2 3 2 4 2 4 2 3 3
4 1 3 1 3 2 1 2 3 2 2 4
1 1 3 1 2 2 1 3 3 2 3 4
2 4 1 2 3 3 2 1 3 1 4 3
3 4 1 2 2 3 2 4 3 1 1 3
4 3 4 3 2 4 4 4 4 2 1 3
1 3 4 3 3 4 4 1 4 2 4 3
1 4 2 4 2 3 4 3 3 1 2 2
4 4 2 4 3 3 4 2 3 1 3 2
2 3 4 2 4 4 2 3 1 3 1 2
3 3 4 2 1 4 2 2 1 3 4 2
2017년도 국가공무원 7급 공개경쟁채
연번 과목명 책형 1번 2번 3번 4번 5번 6번 7번 8번
가 4 4 2 3 1 3 3 1
25 세법
다 4 4 3 3 1 2 3 1
가 2 4 1 2 3 3 2 1
26 소프트웨어공학
다 2 4 4 2 3 2 2 1
가 1 3 3 4 1 2 4 1
27 수리수문학
다 1 3 2 4 1 3 4 1
가 1 1 3 4 3 2 3 2
28 스페인어
다 1 1 2 4 3 3 3 2
가 3 1 3 2 2 4 2 1
29 식용작물학
다 3 1 2 2 2 1 2 1
가 4 1 1 4 4 3 4 1
30 안전관리론
다 4 1 4 4 4 2 4 1
가 2 3 1 3 3 1 2 2
31 응용역학
다 2 3 4 3 3 4 2 2
가 2 2 4 4 1 2 3 2
32 인사‧조직론
다 2 2 1 4 1 3 3 2
가 2 4 3 3 1 2 2 3
33 일어
다 2 4 2 3 1 3 2 3
가 4 1 2 1 2 1 4 2
34 임업경영학
다 4 1 3 1 2 4 4 2
가 2 2 1 3 3 3 4 4
35 자동제어
다 2 2 4 3 3 2 4 4
가 3 3 2 2 4 4 1 4
36 자료구조론
다 3 3 3 2 4 1 1 4
필기시험 정답표(60과목, 8월 26일 시행)
9번 10번 11번 12번 13번 14번 15번 16번 17번 18번 19번 20번
1 3 3 4 2 4 3 4 2 1 1 2
4 3 3 4 3 4 3 1 2 1 4 2
2 3 2 2 1 3 3 4 1 4 4 3
3 3 2 2 4 3 3 1 1 4 1 3
4 2 4 3 2 2 4 2 4 2 3 2
1 2 4 3 3 2 4 3 4 2 2 2
3 1 4 2 2 2 3 2 4 2 3 4
2 1 4 2 3 2 3 3 4 2 2 4
1 1 2 3 3 4 3 4 1 1 3 4
4 1 2 3 2 4 3 1 1 1 2 4
3 1 4 2 1 3 1 2 2 3 3 3
2 1 4 2 4 3 1 3 2 3 2 3
4 1 1 2 2 1 4 3 1 2 4 2
1 1 1 2 3 1 4 2 1 2 1 2
4 1 4 1 1 2 3 3 3 4 1 2
1 1 4 1 4 2 3 2 3 4 4 2
1 4 2 2 4 1 1 3 3 4 2 4
4 4 2 2 1 1 1 2 3 4 3 4
3 2 1 3 2 1 1 4 4 3 3 1
2 2 1 3 3 1 1 1 4 3 2 1
1 1 4 1 3 3 4 3 1 2 3 1
4 1 4 1 2 3 4 2 1 2 2 1
4 2 1 4 3 1 4 3 2 3 2 1
1 2 1 4 2 1 4 2 2 3 3 1
2017년도 국가공무원 7급 공개경쟁채
연번 과목명 책형 1번 2번 3번 4번 5번 6번 7번 8번
가 2 3 2 4 3 4 1 3
37 재난관리론
다 2 3 3 4 3 1 1 3
가 2 2 1 4 1 3 3 1
38 재배학
다 2 2 4 4 1 2 3 1
가 3 4 1 4 3 2 3 2
39 전기기기
다 3 4 4 4 3 3 3 2
정답
가 4 3 1 2 3 3 1
없음
40 전기자기학
다 4 3 4 2 3 2 정답 1
없음
가 2 4 3 2 4 1 2 2
41 전달현상
다 2 4 2 2 4 4 2 2
가 3 2 3 1 4 1 3 2
42 전자회로
다 3 2 2 1 4 4 3 2
가 3 4 4 1 1 2 1 4
43 정보보호론
다 3 4 1 1 1 3 1 4
가 1 4 2 3 4 2 2 3
44 조경학
다 1 4 3 3 4 3 2 3
가 3 4 2 2 3 1 1 1
45 조림학
다 3 4 3 2 3 4 1 1
가 4 2 2 1 3 2 4 4
46 중국어
다 4 2 3 1 3 3 4 4
가 1 4 3 4 4 2 4 2
47 토양학
다 1 4 2 4 4 3 4 2
가 3 3 1 4 2 2 2 3
48 토질역학
다 3 3 4 4 2 3 2 3
필기시험 정답표(60과목, 8월 26일 시행)
9번 10번 11번 12번 13번 14번 15번 16번 17번 18번 19번 20번
2 2 3 2 3 4 1 1 4 2 3 2
3 2 3 2 2 4 1 4 4 2 2 2
1 2 4 3 2 1 3 4 1 4 4 3
4 2 4 3 3 1 3 1 1 4 1 3
3 4 2 1 4 3 2 2 4 3 1 1
2 4 2 1 1 3 2 3 4 3 4 1
4 1 3 1 1 4 3 2 3 2 2 4
1 1 3 1 4 4 3 3 3 2 3 4
2 1 3 1 4 3 3 4 1 2 1 4
3 1 3 1 1 3 3 1 1 2 4 4
1 2 2 3 2 2 1 2 4 3 4 3
4 2 2 3 3 2 1 3 4 3 1 3
3 2 2 1 4 2 2 2 3 4 3 1
2 2 2 1 1 2 2 3 3 4 2 1
4 1 1 1 4 2 3 1 2 2 3 3
1 1 1 1 1 2 3 4 2 2 2 3
4 3 1 4 2 2 4 2 3 2 3 1
1 3 1 4 3 2 4 3 3 2 2 1
1 4 2 2 3 1 4 3 2 4 3 1
4 4 2 2 2 1 4 2 2 4 2 1
3 1 1 4 2 1 3 4 1 4 1 2
2 1 1 4 3 1 3 1 1 4 4 2
2 2 3 1 4 1 4 3 2 3 3 4
3 2 3 1 1 1 4 2 2 3 2 4
2017년도 국가공무원 7급 공개경쟁채
연번 과목명 책형 1번 2번 3번 4번 5번 6번 7번 8번
가 3 2 2 4 2 4 4 1
49 통계학
다 3 2 3 4 2 1 4 1
가 4 2 4 1 2 2 1 3
50 통신이론
다 4 2 1 1 2 3 1 3
가 3 1 4 2 4 3 2 1
51 한국사
다 3 1 1 2 4 2 2 1
가 2 3 2 2 3 3 4 3
52 행정법
다 2 3 3 2 3 2 4 3
가 2 1 3 4 1 4 2 3
53 행정학
다 2 1 2 4 1 1 2 3
가 4 2 1 3 3 2 4 1
54 헌법
다 4 2 4 3 3 3 4 1
가 2 3 4 3 3 1 1 1
55 형법
다 2 3 1 3 3 4 1 1
가 4 4 2 2 3 3 1 4
56 형사소송법
다 4 4 3 2 3 2 1 4
가 3 1 3 4 2 2 3 4
57 화공열역학
다 3 1 2 4 2 3 3 4
가 2 3 1 4 4 4 3 1
58 화학개론
다 2 3 4 4 4 1 3 1
가 1 3 3 2 4 2 3 1
59 회계학
다 1 3 2 2 4 3 3 1
가 3 4 4 1 2 4 4 2
60 회로이론
다 3 4 1 1 2 1 4 2
필기시험 정답표(60과목, 8월 26일 시행)
9번 10번 11번 12번 13번 14번 15번 16번 17번 18번 19번 20번
2 4 1 4 2 2 1 3 3 4 3 4
3 4 1 4 3 2 1 2 3 4 2 4
3 3 4 1 1 3 3 2 4 1 4 1
2 3 4 1 4 3 3 3 4 1 1 1
2 2 2 1 2 2 3 1 1 4 3 1
3 2 2 1 3 2 3 4 1 4 2 1
2 1 4 1 3 4 3 3 4 1 2 2
3 1 4 1 2 4 3 2 4 1 3 2
3 1 2 3 1 4 3 4 4 3 4 4
2 1 2 3 4 4 3 1 4 3 1 4
3 1 4 1 3 1 4 2 3 3 1 4
2 1 4 1 2 1 4 3 3 3 4 4
2 4 3 2 4 2 2 1 4 4 3 4
3 4 3 2 1 2 2 4 4 4 2 4
4 3 3 4 3 2 2 1 1 1 3 4
1 3 3 4 2 2 2 4 1 1 2 4
1 1 4 2 4 1 3 3 2 3 4 2
4 1 4 2 1 1 3 2 2 3 1 2
4 2 3 2 4 3 3 1 2 1 2 4
1 2 3 2 1 3 3 4 2 1 3 4
4 4 3 4 2 2 2 3 1 4 3 4
1 4 3 4 3 2 2 2 1 4 2 4
2 1 4 2 3 2 1 1 1 4 4 3
3 1 4 2 2 2 1 4 1 4 1 3
